Time (Month)	Capacidad BESS Instalada : current	Capacidad de Transmisión : current	Capacidad ERNC Instalada : current	Costo Unitario Transmisión : current	Crecimiento Total de Demanda : current	Demanda del Sistema : current	Energía Vertida Acumulada : current	Expansión Minera e Industrial : current	Factor de Absorción BESS : current	Factor de Energía Generada : current	Factor de Vida Útil BESS : current	Factor Incentivo BESS : current	Generación Excedente : current	Incremento de Demanda : current	Líneas en Construcción : current	Presupuesto para Transmisión : current	Proporción Inversión Transmisión : current	Pérdida de Rentabilidad : current	Subsidio Estatal BESS : current	Tasa de Crecimiento Poblacional : current	Tasa de Degradación BESS : current	Tasa de Inicio de Obras : current	Tasa de Inversión BESS : current	Tasa de Puesta en Servicio : current	Tasa de Vertimiento : current	Tasa Expansión ERNC : current	Tiempo de Construcción : current	
0	1575	1800	18523	1.5e+06	0.0035	6395	5642	0.0025	0.12	0.72	0.0016	3	5141.56	22.3825	0	4.66687e+07	0.15	3.11125e+08	372.239	0.001	2.52	31.1125	417.239	0	4952.56	20.7684	48	
1	1989.72	1800	18543.8	1.5e+06	0.0035	6417.38	10594.6	0.0025	0.12	0.72	0.0016	3	5134.13	22.4608	31.1125	4.61298e+07	0.15	3.07532e+08	370.631	0.001	3.18355	30.7532	415.631	0.648177	4895.37	20.9772	48	
2	2402.17	1800.65	18564.7	1.5e+06	0.0035	6439.84	15489.9	0.0025	0.12	0.72	0.0016	3	5126.13	22.5395	61.2175	4.55879e+07	0.15	3.0392e+08	369.041	0.001	3.84347	30.392	414.041	1.27536	4837.87	21.1913	48	
3	2812.36	1801.92	18585.9	1.5e+06	0.0035	6462.38	20327.8	0.0025	0.12	0.72	0.0016	3	5117.57	22.6183	90.3341	4.50435e+07	0.15	3.0029e+08	367.469	0.001	4.49978	30.029	412.469	1.88196	4780.08	21.4108	48	
4	3220.33	1803.81	18607.3	1.5e+06	0.0035	6485	25107.9	0.0025	0.12	0.72	0.0016	3	5108.48	22.6975	118.481	4.44965e+07	0.15	2.96644e+08	365.919	0.001	5.15253	29.6644	410.919	2.46836	4722.04	21.6361	48	
5	3626.1	1806.27	18629	1.5e+06	0.0035	6507.7	29829.9	0.0025	0.12	0.72	0.0016	3	5098.9	22.7769	145.677	4.39474e+07	0.15	2.92982e+08	364.39	0.001	5.80176	29.2982	409.39	3.03494	4663.76	21.867	48	
6	4029.69	1809.31	18650.9	1.5e+06	0.0035	6530.48	34493.7	0.0025	0.12	0.72	0.0016	3	5088.83	22.8567	171.94	4.33961e+07	0.15	2.89307e+08	362.886	0.001	6.4475	28.9307	407.886	3.58209	4605.27	22.1038	48	
7	4431.13	1812.89	18673	1.5e+06	0.0035	6553.33	39099	0.0025	0.12	0.72	0.0016	3	5078.3	22.9367	197.289	4.2843e+07	0.15	2.8562e+08	361.409	0.001	7.0898	28.562	406.409	4.11019	4546.57	22.3467	48	
8	4830.45	1817	18695.3	1.5e+06	0.0035	6576.27	43645.5	0.0025	0.12	0.72	0.0016	3	5067.35	23.0169	221.741	4.22882e+07	0.15	2.81921e+08	359.959	0.001	7.72871	28.1921	404.959	4.6196	4487.69	22.5957	48	
9	5227.68	1821.62	18717.9	1.5e+06	0.0035	6599.29	48133.2	0.0025	0.12	0.72	0.0016	3	5055.98	23.0975	245.313	4.17319e+07	0.15	2.78213e+08	358.539	0.001	8.36428	27.8213	403.539	5.1107	4428.66	22.851	48	
10	5622.85	1826.73	18740.7	1.5e+06	0.0035	6622.38	52561.9	0.0025	0.12	0.72	0.0016	3	5044.22	23.1783	268.024	4.11743e+07	0.15	2.74495e+08	357.151	0.001	8.99656	27.4495	402.151	5.58383	4369.48	23.1128	48	
11	6016.01	1832.32	18763.9	1.5e+06	0.0035	6645.56	56931.4	0.0025	0.12	0.72	0.0016	3	5032.1	23.2595	289.89	4.06155e+07	0.15	2.7077e+08	355.797	0.001	9.62561	27.077	400.797	6.03937	4310.18	23.3812	48	
12	6407.18	1838.35	18787.2	1.5e+06	0.0035	6668.82	61241.5	0.0025	0.12	0.72	0.0016	3	5019.64	23.3409	310.927	4.00557e+07	0.15	2.67038e+08	354.478	0.001	10.2515	26.7038	399.478	6.47765	4250.78	23.6565	48	
13	6796.4	1844.83	18810.9	1.5e+06	0.0035	6692.16	65492.3	0.0025	0.12	0.72	0.0016	3	5006.85	23.4226	331.153	3.94951e+07	0.15	2.63301e+08	353.196	0.001	10.8742	26.3301	398.196	6.89903	4191.29	23.9387	48	
14	7183.72	1851.73	18834.8	1.5e+06	0.0035	6715.58	69683.6	0.0025	0.12	0.72	0.0016	3	4993.77	23.5045	350.585	3.89338e+07	0.15	2.59559e+08	351.954	0.001	11.494	25.9559	396.954	7.30384	4131.72	24.228	48	
15	7569.18	1859.04	18859.1	1.5e+06	0.0035	6739.09	73815.3	0.0025	0.12	0.72	0.0016	3	4980.4	23.5868	369.237	3.8372e+07	0.15	2.55813e+08	350.754	0.001	12.1107	25.5813	395.754	7.69243	4072.1	24.5248	48	
16	7952.83	1866.73	18883.6	1.5e+06	0.0035	6762.68	77887.4	0.0025	0.12	0.72	0.0016	3	4966.78	23.6694	387.125	3.78098e+07	0.15	2.52066e+08	349.596	0.001	12.7245	25.2066	394.596	8.06511	4012.44	24.829	48	
17	8334.7	1874.79	18908.4	1.5e+06	0.0035	6786.35	81899.9	0.0025	0.12	0.72	0.0016	3	4952.92	23.7522	404.267	3.72475e+07	0.15	2.48316e+08	348.485	0.001	13.3355	24.8316	393.485	8.42223	3952.76	25.1411	48	
18	8714.85	1883.21	18933.6	1.5e+06	0.0035	6810.1	85852.6	0.0025	0.12	0.72	0.0016	3	4938.85	23.8353	420.676	3.6685e+07	0.15	2.44567e+08	347.42	0.001	13.9438	24.4567	392.42	8.76409	3893.07	25.4611	48	
19	9093.33	1891.98	18959	1.5e+06	0.0035	6833.93	89745.7	0.0025	0.12	0.72	0.0016	3	4924.58	23.9188	436.369	3.61226e+07	0.15	2.40817e+08	346.406	0.001	14.5493	24.0817	391.406	9.09102	3833.39	25.7894	48	
20	9470.18	1901.07	18984.8	1.5e+06	0.0035	6857.85	93579.1	0.0025	0.12	0.72	0.0016	3	4910.14	24.0025	451.36	3.55603e+07	0.15	2.37069e+08	345.443	0.001	15.1523	23.7069	390.443	9.40333	3773.72	26.1261	48	
21	9845.47	1910.47	19010.9	1.5e+06	0.0035	6881.85	97352.8	0.0025	0.12	0.72	0.0016	3	4895.55	24.0865	465.663	3.49984e+07	0.15	2.33323e+08	344.534	0.001	15.7528	23.3323	389.534	9.70132	3714.09	26.4716	48	
22	10219.3	1920.17	19037.4	1.5e+06	0.0035	6905.94	101067	0.0025	0.12	0.72	0.0016	3	4880.82	24.1708	479.294	3.4437e+07	0.15	2.2958e+08	343.681	0.001	16.3508	22.958	388.681	9.98529	3654.51	26.826	48	
23	10591.6	1930.16	19064.2	1.5e+06	0.0035	6930.11	104721	0.0025	0.12	0.72	0.0016	3	4865.98	24.2554	492.267	3.38761e+07	0.15	2.25841e+08	342.887	0.001	16.9465	22.5841	387.887	10.2556	3594.99	27.1896	48	
24	10962.5	1940.42	19091.4	1.5e+06	0.0035	6954.37	108316	0.0025	0.12	0.72	0.0016	3	4851.04	24.3403	504.595	3.33159e+07	0.15	2.22106e+08	342.154	0.001	17.54	22.2106	387.154	10.5124	3535.54	27.5628	48	
25	11332.1	1950.93	19119	1.5e+06	0.0035	6978.71	111852	0.0025	0.12	0.72	0.0016	3	4836.04	24.4255	516.294	3.27566e+07	0.15	2.18377e+08	341.484	0.001	18.1314	21.8377	386.484	10.7561	3476.18	27.9458	48	
26	11700.5	1961.68	19146.9	1.5e+06	0.0035	7003.13	115328	0.0025	0.12	0.72	0.0016	3	4820.98	24.511	527.375	3.21981e+07	0.15	2.14654e+08	340.879	0.001	18.7208	21.4654	385.879	10.987	3416.92	28.3389	48	
27	12067.6	1972.67	19175.3	1.5e+06	0.0035	7027.64	118745	0.0025	0.12	0.72	0.0016	3	4805.88	24.5968	537.854	3.16407e+07	0.15	2.10938e+08	340.343	0.001	19.3082	21.0938	385.343	11.2053	3357.76	28.7425	48	
28	12433.7	1983.88	19204	1.5e+06	0.0035	7052.24	122103	0.0025	0.12	0.72	0.0016	3	4790.77	24.6828	547.742	3.10844e+07	0.15	2.0723e+08	339.878	0.001	19.8939	20.723	384.878	11.4113	3298.73	29.1568	48	
29	12798.7	1995.29	19233.2	1.5e+06	0.0035	7076.92	125402	0.0025	0.12	0.72	0.0016	3	4775.67	24.7692	557.054	3.05294e+07	0.15	2.0353e+08	339.486	0.001	20.4779	20.353	384.486	11.6053	3239.83	29.5824	48	
30	13162.7	2006.89	19262.8	1.5e+06	0.0035	7101.69	128641	0.0025	0.12	0.72	0.0016	3	4760.6	24.8559	565.801	2.99758e+07	0.15	1.99838e+08	339.17	0.001	21.0603	19.9838	384.17	11.7875	3181.08	30.0194	48	
31	13525.8	2018.68	19292.8	1.5e+06	0.0035	7126.55	131822	0.0025	0.12	0.72	0.0016	3	4745.57	24.9429	573.998	2.94235e+07	0.15	1.96157e+08	338.934	0.001	21.6413	19.6157	383.934	11.9583	3122.47	30.4684	48	
32	13888.1	2030.64	19323.2	1.5e+06	0.0035	7151.49	134945	0.0025	0.12	0.72	0.0016	3	4730.6	25.0302	581.655	2.88729e+07	0.15	1.92486e+08	338.78	0.001	22.2209	19.2486	383.78	12.1178	3064.03	30.9297	48	
33	14249.6	2042.76	19354.2	1.5e+06	0.0035	7176.52	138009	0.0025	0.12	0.72	0.0016	3	4715.73	25.1178	588.786	2.83238e+07	0.15	1.88825e+08	338.711	0.001	22.7994	18.8825	383.711	12.2664	3005.77	31.4037	48	
34	14610.5	2055.02	19385.6	1.5e+06	0.0035	7201.64	141015	0.0025	0.12	0.72	0.0016	3	4700.95	25.2057	595.402	2.77765e+07	0.15	1.85177e+08	338.73	0.001	23.3769	18.5177	383.73	12.4042	2947.69	31.8909	48	
35	14970.9	2067.43	19417.5	1.5e+06	0.0035	7226.84	143962	0.0025	0.12	0.72	0.0016	3	4686.3	25.294	601.516	2.7231e+07	0.15	1.8154e+08	338.841	0.001	23.9534	18.154	383.841	12.5316	2889.8	32.3918	48	
36	15330.8	2079.96	19449.9	1.5e+06	0.0035	7252.14	146852	0.0025	0.12	0.72	0.0016	3	4671.8	25.3825	607.138	2.66874e+07	0.15	1.77916e+08	339.047	0.001	24.5293	17.7916	384.047	12.6487	2832.11	32.9069	48	
37	15690.3	2092.61	19482.8	1.5e+06	0.0035	7277.52	149684	0.0025	0.12	0.72	0.0016	3	4657.46	25.4713	612.281	2.61457e+07	0.15	1.74305e+08	339.351	0.001	25.1045	17.4305	384.351	12.7559	2774.63	33.4367	48	
38	16049.6	2105.36	19516.2	1.5e+06	0.0035	7302.99	152459	0.0025	0.12	0.72	0.0016	3	4643.31	25.5605	616.955	2.56061e+07	0.15	1.70707e+08	339.758	0.001	25.6793	17.0707	384.758	12.8532	2717.36	33.9816	48	
39	16408.6	2118.22	19550.2	1.5e+06	0.0035	7328.55	155176	0.0025	0.12	0.72	0.0016	3	4629.36	25.6499	621.173	2.50687e+07	0.15	1.67124e+08	340.271	0.001	26.2538	16.7124	385.271	12.9411	2660.33	34.5424	48	
40	16767.6	2131.16	19584.7	1.5e+06	0.0035	7354.2	157837	0.0025	0.12	0.72	0.0016	3	4615.64	25.7397	624.944	2.45334e+07	0.15	1.63556e+08	340.894	0.001	26.8282	16.3556	385.894	13.0197	2603.52	35.1196	48	
41	17126.7	2144.18	19619.8	1.5e+06	0.0035	7379.94	160440	0.0025	0.12	0.72	0.0016	3	4602.17	25.8298	628.28	2.40004e+07	0.15	1.60003e+08	341.631	0.001	27.4027	16.0003	386.631	13.0892	2546.96	35.7138	48	
42	17485.9	2157.27	19655.6	1.5e+06	0.0035	7405.77	162987	0.0025	0.12	0.72	0.0016	3	4588.96	25.9202	631.191	2.34698e+07	0.15	1.56465e+08	342.487	0.001	27.9775	15.6465	387.487	13.1498	2490.65	36.3257	48	
43	17845.5	2170.42	19691.9	1.5e+06	0.0035	7431.69	165478	0.0025	0.12	0.72	0.0016	3	4576.05	26.0109	633.688	2.29415e+07	0.15	1.52944e+08	343.466	0.001	28.5527	15.2944	388.466	13.2018	2434.59	36.9561	48	
44	18205.4	2183.62	19728.8	1.5e+06	0.0035	7457.7	167912	0.0025	0.12	0.72	0.0016	3	4563.44	26.102	635.781	2.24158e+07	0.15	1.49439e+08	344.573	0.001	29.1286	14.9439	389.573	13.2454	2378.8	37.6056	48	
45	18565.8	2196.86	19766.4	1.5e+06	0.0035	7483.81	170291	0.0025	0.12	0.72	0.0016	3	4551.17	26.1933	637.479	2.18926e+07	0.15	1.4595e+08	345.814	0.001	29.7053	14.595	390.814	13.2808	2323.27	38.275	48	
46	18926.9	2210.14	19804.7	1.5e+06	0.0035	7510	172614	0.0025	0.12	0.72	0.0016	3	4539.26	26.285	638.793	2.13719e+07	0.15	1.4248e+08	347.192	0.001	30.2831	14.248	392.192	13.3082	2268.03	38.9652	48	
47	19288.8	2223.45	19843.7	1.5e+06	0.0035	7536.28	174882	0.0025	0.12	0.72	0.0016	3	4527.72	26.377	639.733	2.0854e+07	0.15	1.39027e+08	348.715	0.001	30.8621	13.9027	393.715	13.3278	2213.06	39.677	48	
48	19651.7	2236.78	19883.4	1.5e+06	0.0035	7562.66	177096	0.0025	0.12	0.72	0.0016	3	4516.58	26.4693	640.308	2.03387e+07	0.15	1.35592e+08	350.387	0.001	31.4427	13.5592	395.387	13.3397	2158.38	40.4113	48	
49	20015.6	2250.12	19923.8	1.5e+06	0.0035	7589.13	179254	0.0025	0.12	0.72	0.0016	3	4505.87	26.562	640.527	1.98262e+07	0.15	1.32175e+08	352.215	0.001	32.025	13.2175	397.215	13.3443	2103.99	41.1692	48	
50	20380.8	2263.46	19964.9	1.5e+06	0.0035	7615.69	181358	0.0025	0.12	0.72	0.0016	3	4495.6	26.6549	640.4	1.93166e+07	0.15	1.28777e+08	354.205	0.001	32.6093	12.8777	399.205	13.3417	2049.91	41.9517	48	
51	20747.4	2276.81	20006.9	1.5e+06	0.0035	7642.35	183408	0.0025	0.12	0.72	0.0016	3	4485.81	26.7482	639.936	1.88098e+07	0.15	1.25398e+08	356.365	0.001	33.1959	12.5398	401.365	13.332	1996.12	42.7598	48	
52	21115.6	2290.14	20049.7	1.5e+06	0.0035	7669.1	185404	0.0025	0.12	0.72	0.0016	3	4476.52	26.8418	639.144	1.83059e+07	0.15	1.22039e+08	358.701	0.001	33.7849	12.2039	403.701	13.3155	1942.65	43.5947	48	
53	21485.5	2303.45	20093.2	1.5e+06	0.0035	7695.94	187347	0.0025	0.12	0.72	0.0016	3	4467.75	26.9358	638.033	1.78049e+07	0.15	1.187e+08	361.221	0.001	34.3768	11.87	406.221	13.2923	1889.49	44.4577	48	
54	21857.3	2316.75	20137.7	1.5e+06	0.0035	7722.87	189236	0.0025	0.12	0.72	0.0016	3	4459.53	27.0301	636.61	1.7307e+07	0.15	1.1538e+08	363.933	0.001	34.9717	11.538	408.933	13.2627	1836.65	45.35	48	
55	22231.3	2330.01	20183.1	1.5e+06	0.0035	7749.9	191073	0.0025	0.12	0.72	0.0016	3	4451.89	27.1247	634.886	1.68122e+07	0.15	1.12081e+08	366.846	0.001	35.5701	11.2081	411.846	13.2268	1784.13	46.2731	48	
56	22607.6	2343.24	20229.3	1.5e+06	0.0035	7777.03	192857	0.0025	0.12	0.72	0.0016	3	4444.85	27.2196	632.867	1.63204e+07	0.15	1.08803e+08	369.968	0.001	36.1721	10.8803	414.968	13.1847	1731.95	47.2284	48	
57	22986.4	2356.42	20276.6	1.5e+06	0.0035	7804.25	194589	0.0025	0.12	0.72	0.0016	3	4438.46	27.3149	630.562	1.58317e+07	0.15	1.05545e+08	373.31	0.001	36.7782	10.5545	418.31	13.1367	1680.09	48.2176	48	
58	23367.9	2369.56	20324.8	1.5e+06	0.0035	7831.56	196269	0.0025	0.12	0.72	0.0016	3	4432.72	27.4105	627.98	1.53463e+07	0.15	1.02309e+08	376.882	0.001	37.3886	10.2309	421.882	13.0829	1628.57	49.2422	48	
59	23752.4	2382.64	20374	1.5e+06	0.0035	7858.97	197897	0.0025	0.12	0.72	0.0016	3	4427.68	27.5064	625.128	1.4864e+07	0.15	9.90935e+07	380.694	0.001	38.0038	9.90935	425.694	13.0235	1577.39	50.304	48	
60	24140.1	2395.66	20424.3	1.5e+06	0.0035	7886.48	199475	0.0025	0.12	0.72	0.0016	3	4423.37	27.6027	622.014	1.4385e+07	0.15	9.59e+07	384.758	0.001	38.6241	9.59	429.758	12.9586	1526.56	51.4051	48	
61	24531.2	2408.62	20475.7	1.5e+06	0.0035	7914.08	201001	0.0025	0.12	0.72	0.0016	3	4419.82	27.6993	618.645	1.39093e+07	0.15	9.27285e+07	389.088	0.001	39.25	9.27285	434.088	12.8884	1476.07	52.5473	48	
62	24926.1	2421.51	20528.3	1.5e+06	0.0035	7941.78	202477	0.0025	0.12	0.72	0.0016	3	4417.07	27.7962	615.03	1.34368e+07	0.15	8.9579e+07	393.695	0.001	39.8817	8.9579	438.695	12.8131	1425.94	53.733	48	
63	25324.9	2434.32	20582	1.5e+06	0.0035	7969.58	203903	0.0025	0.12	0.72	0.0016	3	4415.15	27.8935	611.175	1.29678e+07	0.15	8.64518e+07	398.595	0.001	40.5198	8.64518	443.595	12.7328	1376.16	54.9645	48	
64	25727.9	2447.06	20637	1.5e+06	0.0035	7997.47	205280	0.0025	0.12	0.72	0.0016	3	4414.09	27.9911	607.087	1.25021e+07	0.15	8.33471e+07	403.802	0.001	41.1647	8.33471	448.802	12.6476	1326.74	56.2442	48	
65	26135.6	2459.7	20693.2	1.5e+06	0.0035	8025.46	206606	0.0025	0.12	0.72	0.0016	3	4413.95	28.0891	602.774	1.20398e+07	0.15	8.02652e+07	409.333	0.001	41.8169	8.02652	454.333	12.5578	1277.68	57.5749	48	
66	26548.1	2472.26	20750.8	1.5e+06	0.0035	8053.55	207884	0.0025	0.12	0.72	0.0016	3	4414.76	28.1874	598.243	1.15809e+07	0.15	7.72061e+07	415.206	0.001	42.477	7.72061	460.206	12.4634	1228.99	58.9594	48	
67	26965.8	2484.73	20809.8	1.5e+06	0.0035	8081.74	209113	0.0025	0.12	0.72	0.0016	3	4416.56	28.2861	593.5	1.11255e+07	0.15	7.41701e+07	421.439	0.001	43.1453	7.41701	466.439	12.3646	1180.66	60.401	48	
68	27389.1	2497.09	20870.2	1.5e+06	0.0035	8110.02	210294	0.0025	0.12	0.72	0.0016	3	4419.4	28.3851	588.552	1.06736e+07	0.15	7.11574e+07	428.053	0.001	43.8226	7.11574	473.053	12.2615	1132.7	61.9029	48	
69	27818.4	2509.35	20932.1	1.5e+06	0.0035	8138.41	211426	0.0025	0.12	0.72	0.0016	3	4423.32	28.4844	583.407	1.02252e+07	0.15	6.81681e+07	435.069	0.001	44.5094	6.81681	480.069	12.1543	1085.12	63.4689	48	
70	28253.9	2521.51	20995.5	1.5e+06	0.0035	8166.89	212511	0.0025	0.12	0.72	0.0016	3	4428.38	28.5841	578.069	9.78037e+06	0.15	6.52025e+07	442.512	0.001	45.2063	6.52025	487.512	12.0431	1037.91	65.1028	48	
71	28696.2	2533.55	21060.6	1.5e+06	0.0035	8195.48	213549	0.0025	0.12	0.72	0.0016	3	4434.62	28.6842	572.546	9.33908e+06	0.15	6.22605e+07	450.407	0.001	45.9139	6.22606	495.407	11.928	991.079	66.8089	48	
72	29145.7	2545.48	21127.4	1.5e+06	0.0035	8224.16	214540	0.0025	0.12	0.72	0.0016	3	4442.11	28.7846	566.844	8.90139e+06	0.15	5.93426e+07	458.782	0.001	46.6331	5.93426	503.782	11.8093	944.63	68.5918	48	
